,de,lb,nl,af,en,yi,fy,nn,sv,da,is,fo,lv,lt,pl,cs,sk,sl,bg,mk,be,uk,ru,la,pt,gl,es,ca,oc,fr,it,ro,ga,cy,br,gd,gv,sq,hy,el,sa,hi,ur,as,bn,fa,tg,ps,et,vro,liv,vot,fi,krl,vep,se,hu,tr,az,ba,mn,ka,xmf,lzz,sva,ar,mt,he,my,bo,ny,zu,id,ms,tl,ta,kn,ml,tcy,bfq,kfa,xub,yea,tcx,kfe,te,gon,kff,kxv,kfb,pci,gdb,brh,kru,mjt,ja,ko,vi,lo,th,za
de,0.0,1.960442146361264,2.2592974792250153,2.6962984647410884,3.3547736214402875,1.3507631257631256,2.687548091321677,3.182230293247242,2.8913395246728584,2.914312775940684,3.7189613459540998,3.6738268097643085,3.853424006549008,4.323414100218223,4.265420141571037,4.097406970574512,4.117878240480981,3.989945962793645,3.9553491943026837,4.2354851552768205,4.291357316995497,4.322694006208498,4.225733110153399,4.199001652797465,4.224038583753607,4.08481952988532,4.09967135595627,4.069716502036942,4.2268072713194655,4.359850357301813,4.191218875785914,4.135363207645815,4.6210490582649655,4.090523308890657,4.1662444698159,4.654361231361232,4.38992588219861,4.173693623161707,4.202725910332658,4.0806788185359615,4.3669160839160845,4.380369787816597,4.362871223758321,4.289073238791284,4.398800505050505,4.007506200695856,3.868888275467222,4.4050865800865795,4.2020650101532455,4.212072920054591,4.284683740843162,4.234365071321594,4.2917389105794905,4.204521116296479,4.204854719890951,4.445590862714151,4.371051935809288,4.579310212204947,4.52618389546961,4.6678799270904525,4.469150188770442,4.835723715913401,4.7992558775647,4.944170463682659,4.603931922985322,4.322391711008267,4.32878212769517,4.124901466692512,4.8066823624221575,4.994294366212174,4.429445194055584,5.398959905342886,4.024913443530466,4.064651892225421,4.609104852435905,4.4444911381135865,4.546582329235392,4.555505846194621,4.535755358586991,4.4727209767532345,4.502333833966487,4.614852575229226,4.46864404209765,4.579450934552973,4.5359487168160655,4.664830464320262,4.556023426686692,4.76333261409792,4.453419156600975,4.523946410065858,4.597525178902732,4.324356171039843,4.110290769637342,4.438346290897312,4.480356081826669,4.722767991645544,4.888394248394248,4.608643898836207,4.506054213016237,4.558473270715537,4.509050261162936
lb,1.960442146361264,0.0,2.4948531329781334,2.6549230910933037,3.3140308547661474,2.0126984126984127,2.4396450771450766,3.3190977721465527,2.935697751322751,3.1769504569504567,3.7894369981869973,3.744193046536798,3.9067374511453443,4.483890007699533,4.335983807858808,4.126063191194769,4.379901097720245,4.042424719844074,4.041438606093778,4.34172163815021,4.470436242678889,4.420591491841493,4.355703139453141,4.271352531397175,4.265892738214165,4.282204116638079,4.196862911721404,4.079431371098038,4.0042436267436265,4.265476745476745,4.230465240671664,4.1865170589308525,4.552306869717584,4.153095470837407,4.06223383662408,4.681394492032791,4.3863177910052915,4.113968144649964,4.158930296756384,4.287920100244046,4.543122910228175,4.33775805893453,4.606808035714286,4.389123112337398,4.271486510122874,4.129824439126764,3.7472329690511503,4.40863319686849,4.288015641765644,4.310077861952862,4.355993566618568,4.320736323861325,4.423256882006883,4.369726569726571,4.2189001276501275,4.70780562030562,4.374860364731055,4.656366858450192,4.600461560297624,4.732057736271218,4.387797551032845,4.973517570392569,5.033479662261172,5.075068727568726,4.598012728012728,4.497651293151294,4.6689839120690175,4.125164435048156,4.816401021006285,5.080809443082169,4.944009576282305,5.571702424559567,4.282961603613778,4.080386748083376,4.697067807309404,4.8020115686782345,4.885506997411759,4.8886523088904035,4.835117724893636,4.922018919150067,4.789903967284921,4.87421207799359,4.730040814564624,4.623671390338055,4.675011100011101,5.0205106181296655,4.521132527084907,4.990256965256966,4.778131882737145,4.630866488009346,4.5001740763645515,4.48063858540049,4.172799492757475,4.585383311573786,4.80798460280253,4.8350017959568525,4.807608082608081,4.456068312193633,4.34092574092574,4.417968617327592,4.2947420634920634
nl,2.2592974792250153,2.4948531329781334,0.0,1.6433580536039554,2.975312246727199,2.091781135531136,2.0483745813934493,3.1053855748771007,2.547327672327672,2.6896240925310693,3.5968246930203454,3.741583994708994,3.9300366548134407,4.610638645432459,4.395683369234093,4.210097319783188,4.262795765877956,4.024750617300286,3.9505175487733615,4.195399931858265,4.322990164971298,4.279578473056734,4.3887759315295565,4.076182645161702,4.3733521803469975,4.320329232171337,4.301550187863036,3.857450713804307,4.203429768063915,4.255401125304038,4.250396476583626,3.9176311007832765,4.6286552620359425,3.972562849093463,4.263387059369202,4.585544973544972,4.2047474747474745,4.101038884283567,4.304410465451075,4.115356733213876,4.557230880230881,4.139904067563643,4.167929292929293,4.227327225823468,4.058547595566826,4.230782569920503,4.001806417266943,3.9924008170761396,4.110739984653026,4.082868831856471,4.134504451533437,4.256364301291839,4.273912145288961,4.279233595175625,4.07999988471003,4.63537204804328,4.227429847929846,4.297288554525396,4.423694493337351,4.472870216667209,4.234209285791566,4.8253322259503,4.8630985436132494,4.998893220600537,4.6079600011638835,4.372173591155072,4.259652424869817,4.035034782795975,4.815160349854226,4.883949060832624,4.6776325406195545,5.5551300649704904,4.089471462343805,4.106681308887192,4.770168203889133,4.559430308920104,4.68063801278087,4.7367190066169655,4.813440060506386,4.683523525459007,4.6509976984466785,4.871268808056023,4.596312049920297,4.4330542190236075,4.694471882992292,4.869818560124682,4.590893262066731,4.757232336824174,4.700689613416886,4.538186544181441,4.383268545513445,4.478680758017493,4.309774689800466,4.489985751210241,4.600271328057311,4.6861903213944025,4.6865482940482925,4.5192564700257,4.454365079365078,4.551141470213638,4.470696400625978
af,2.6962984647410884,2.6549230910933037,1.6433580536039554,0.0,2.93103044496487,2.173776455026455,2.1123168498168496,3.4978605935127676,3.1022974101921474,2.9718452380952383,3.960444018640741,4.127227158806106,3.8450928457507407,4.806600700886414,4.323286731483453,4.038669432419432,4.3191678691678685,3.9055772005772007,3.908583505866114,4.433789682539682,4.166112012987014,4.379189298861429,4.2658605965983005,4.4255026047398935,4.536781609195401,4.231951286261631,4.561995093029576,4.050009620009621,4.067294973544974,4.437256049960968,4.614334604789151,4.252396514161219,4.562273739905319,4.204407780428188,4.240404040404041,4.857608100711548,4.364838435374149,4.15937641723356,4.638404882154882,4.240674603174604,4.684597295708406,4.371988795518207,4.358577533577534,4.317120741577264,4.430820105820105,4.43610058922559,4.3195707070707074,4.068445616883118,4.38461961535732,4.389240768339129,4.438544106167058,4.760620254062877,4.725060367683318,4.655971305561469,4.541783171291367,4.746302308802309,4.24989417989418,4.374332611832611,4.362981376262627,4.420652557319223,4.736020923520923,5.0802900196342815,5.131325687063392,5.130589856409529,4.757700541716934,4.4407770562770565,4.425809523809524,4.3526984126984125,4.4692460317460325,5.023415473415475,4.733065880479674,5.808209883209884,4.050653594771242,4.022974537037036,4.563575605680869,4.723931398931398,4.926543426543427,4.720347820347821,4.880904605904605,4.769627825877825,4.732344157344157,4.914178539178539,4.733465608465608,4.777800202800203,4.917662142662142,4.878230178230179,4.598208923208924,4.767760617760618,4.730281385281384,4.8564085314085315,4.150868725868727,4.5580759330759335,4.268763893763893,4.947133497133497,4.794924294924295,4.694725986573812,5.13707054439813,4.2817980042556325,4.284139784946235,4.45028921172989,4.533367346938776
en,3.3547736214402875,3.3140308547661474,2.975312246727199,2.93103044496487,0.0,3.060943223443223,3.1039478341365117,3.351047398928755,3.3015712682379363,3.1874641508362433,3.999941480088538,3.8554033929033937,4.133715342197485,4.907947522122779,4.644221789703465,4.419688819034369,4.537332720551897,4.412868753762794,4.3488750052703535,4.483189611314611,4.719982146660837,4.594334208464642,4.654614199541738,4.437141726801415,4.538506269205751,4.271524564616671,4.4254877648732425,4.251493534090221,4.411759581881533,4.383411585717412,4.6598546859720065,4.27709080372124,4.559051759477896,4.272094553217005,4.408184523809524,4.564182299182299,4.293261183261183,4.268304243038287,4.496645486493203,4.654561708133137,4.72688208088208,4.651091717581079,4.540525648186938,4.403232836503514,4.422009080662928,4.448350729730036,4.253490478819426,4.647476549424603,4.657122131759815,4.6301977544731185,4.575223233556567,4.657169695575493,4.711133378162364,4.7515728501235746,4.560021098064578,4.9375269327324105,4.373979978354977,4.648117282327809,4.779379694379693,4.706355465753962,4.646143097408919,5.148572877739545,5.333674849116026,5.380734712442032,5.085231529527647,4.747060484097522,4.356170922475269,4.465792250866877,4.6763005418617665,5.006100083326111,4.855556961076445,5.803485049229732,4.360759571397868,4.425423269540917,5.036645008738032,4.8566543717053925,4.898009983214064,5.082296473367901,5.167308400216563,5.038728983083821,4.92967834319875,4.918831092078943,4.84812927622206,4.864902642708765,5.007017387374532,5.091135508482447,4.689459095326441,5.082344271374883,4.740727252545435,4.838540569407917,4.194181243926144,4.55054775156816,4.617913873068512,4.831177524289768,5.022250891698671,4.919853464751426,5.041046371046372,4.5056226252380105,4.533992273549235,4.444676200088573,4.347222222222223
yi,1.3507631257631256,2.0126984126984127,2.091781135531136,2.173776455026455,3.060943223443223,0.0,2.148576097105509,2.7941493691493693,2.766045991045991,2.6545653998779,3.479039923751462,3.6740450136283473,4.131378066378066,4.347910243877985,4.270415268492192,4.108605230239845,4.17493228993229,4.004305445121773,4.148697779185584,4.57092151675485,4.3243795093795105,4.2535554723054725,4.421209826498289,4.0851132909643555,4.421374298778145,4.212179043179043,4.242625097125096,4.2047846489022955,4.528476946334091,4.473763042513043,4.324486046361046,4.24921497584541,4.45303823953824,3.999236010902678,3.5580687830687827,4.3008297258297254,4.240530303030304,4.185791446208114,4.17236722972017,4.262945387945387,4.5345897753040605,4.34506222943723,4.392532467532468,4.5128048780487795,4.1344820384294065,4.178936596283536,4.149963924963925,4.1337202069960695,4.246044233544233,4.2548659673659674,4.394009462759463,4.371842740592741,4.362078786598017,4.298585442335443,4.212348762348763,4.79004662004662,4.21590145965146,4.635698953823954,4.669097737279556,4.721311327561327,4.509452947845804,4.997520535020533,4.899653178018562,5.003519930923777,4.601542207792208,4.570791519086973,4.2626984126984135,4.604183201058201,4.625515873015871,4.898184974747475,4.78168202764977,5.423958834375501,4.120558608058609,4.343343181641054,4.464338624338624,4.820834335417669,4.813619790703124,4.696121933621934,4.755277014652016,4.894213167784597,4.890870549203883,4.933070170570172,4.826977112393779,4.588699494949494,4.753760282926949,4.836358780108781,4.675824715408049,4.829386123136122,4.675988142292489,4.8390074431741095,4.168637766554433,4.544511584094916,4.438642376142374,4.622001763668431,4.592738896905564,4.642425855797949,4.948852924852925,4.58220864103217,4.780542754736303,4.8130616050616055,4.549092970521541
fy,2.687548091321677,2.4396450771450766,2.0483745813934493,2.1123168498168496,3.1039478341365117,2.148576097105509,0.0,3.166186095650381,2.676633126633126,2.9216528216528213,3.271214163195295,3.9914010232192045,3.4899178456870756,4.077650632196087,4.231925726265348,3.9861202738561223,3.9789197197360466,3.813372615039282,3.7121470920383963,3.841143578643578,4.236524108075832,4.197380763890199,4.2366130201035865,4.034467995317051,4.247798701298702,4.196182983682983,4.432911750558809,3.9939872485790855,3.7626135302605896,4.4261086921464265,4.137676574633097,4.005833333333333,4.461671335200747,3.8876842963799483,4.029030910609857,4.378968253968255,4.332763975155279,3.7322939822939816,3.8938986589929976,4.150693000693001,4.771491240241239,4.156927857496039,3.9935185185185187,4.258987308987309,4.40952380952381,4.243833880765697,4.348864912864914,3.719096181596181,4.404487127128637,4.332765452576774,4.242813580549429,4.38085981104849,4.250101418497645,4.309942416074492,4.214557978708921,4.409415584415584,4.2895321135887166,4.674499244142102,4.801098009133724,4.608955627705628,4.71988554374918,4.938795428889769,4.841866781017725,4.946016509695755,4.453171985247455,4.4357545555219975,4.51326479076479,4.227450525664812,4.848758186258187,4.956952861952861,4.608227513227514,5.390082371332372,4.183749055177627,4.279375737898464,4.6687925170068025,4.475493863775115,4.497067515817516,4.685833784271284,4.458812108030858,4.818021763183054,4.577497068903318,4.5698765644078145,4.486378291847042,4.577241161616161,4.549720245032744,4.56192201895327,4.529944534632033,4.791617063492063,4.5261808367071525,4.3316197691197695,4.302752976190476,4.2711253156565645,4.255115225276516,4.40382959054834,4.347203057359308,4.9044869944869935,4.865305194805194,4.581421356421357,4.384708049886621,4.507384491818452,4.308161976911976
nn,3.182230293247242,3.3190977721465527,3.1053855748771007,3.4978605935127676,3.351047398928755,2.7941493691493693,3.166186095650381,0.0,1.5630841380841383,1.7491612554112559,2.7281476997578697,2.6313650441699226,4.108033324699992,4.296366519283186,4.227939762685525,4.243223349155552,4.174706794387646,4.278956845623512,4.05496459096459,3.738630480630481,4.195013705430373,4.447028583469262,4.357481454515354,4.337785800058527,4.355166324903167,4.3021933621933615,4.292451942898372,4.10429847929848,3.900198412698413,4.495122532834397,4.253479015743167,4.316845569396589,4.64831523252576,4.154939335041376,4.303548085901027,4.767080745341615,4.71203007518797,3.9355485355485356,4.414043996938735,4.290964590964591,4.796200154012653,4.076564723155632,4.014814814814814,4.517495553542066,4.444393305107591,4.120188258453564,4.109728234728234,4.3640744029632925,4.371768297615755,4.3026891187908145,4.615284197911316,4.4501473573507475,4.3651218837659505,4.396680485239808,4.380587256434714,4.749072880524493,4.223596238069923,4.6354215537548855,4.722824675324675,4.664311693035097,4.543301587301587,5.046926068835342,5.196418493786916,5.214773822668559,4.817446254310661,4.531035574402922,4.185501843835177,4.79163216011042,4.734019981901337,5.247863247863249,4.655276841214341,5.539042094856048,4.311842231842231,4.559948006538916,5.07859477124183,4.696777621777621,4.6812187812187815,4.613093513093514,4.5648453648453655,4.77042165350989,4.644987519987519,4.836282261282261,4.561371923871924,4.430364225952461,4.640083512142335,4.9720316999728755,4.482429507429506,4.789831714831715,4.452015496580715,4.735466410466411,4.316926991926992,4.435653835653836,4.35673092339759,4.6078060078060075,4.830030030030028,4.783717877866816,4.93185682630127,4.778766360345308,4.895342938311688,4.658743939676143,4.50301569345687
sv,2.8913395246728584,2.935697751322751,2.547327672327672,3.1022974101921474,3.3015712682379363,2.766045991045991,2.676633126633126,1.5630841380841383,0.0,1.5529459776334777,3.1741851216210186,3.277817737817738,4.065905715905717,4.51524313166104,4.285524968858302,4.148935307563626,4.065152537520958,3.9724867724867714,4.004927178764387,3.7645104316979325,4.145060897883479,4.218402703659114,4.287277394969703,4.27834571089288,4.373245833114256,4.270020923520924,4.2242488824307,3.9826392229170016,3.8257983056370146,4.300781317447983,4.253066044038267,4.063006438006439,4.4600170597834135,4.122693476114528,4.388044131794132,4.477912698412698,4.001335656213706,4.050088841506753,4.3718730863557544,4.141577509791794,4.457691197691197,4.30588240673468,4.238849206349206,4.253852038189387,4.0985399103820175,4.186531446082009,4.193415612165612,4.121475842165498,4.2451621265723825,4.195450228783562,4.21363652966217,4.281038097704764,4.247016445093369,4.197988739655406,4.228196803196805,4.57299323769912,4.35719234059942,4.629908910533912,4.829514845423936,4.565687057651344,4.554242424242425,4.749931704098371,4.819165906557208,5.046530015877841,4.680240831964968,4.426497814483253,4.2694525429219325,4.384700085268268,4.758315461297114,5.042809665082392,4.4968070056305365,5.526321253702208,4.117263544536272,4.390395332636712,4.8496905438311675,4.502352529625256,4.600637746092292,4.630325524643707,4.688534865807594,4.634101392434726,4.452482870664689,4.585309032668657,4.43082695082695,4.444497463815645,4.519171443035078,4.80363655704565,4.419049258821987,4.641760596306051,4.362351405208549,4.469222549336185,4.2199527744982275,4.476821242730335,4.350690207228667,4.394187378278287,4.473473916655734,4.7710668173434145,4.898227210032764,4.4612696426916605,4.480466285127303,4.498050955161046,4.48015164399093
da,2.914312775940684,3.1769504569504567,2.6896240925310693,2.9718452380952383,3.1874641508362433,2.6545653998779,2.9216528216528213,1.7491612554112559,1.5529459776334777,0.0,3.0777918679081457,3.175157418339236,4.067790003206669,4.451185878797819,4.350857561904072,4.172683526951821,4.2245328104238995,3.946796148296148,3.8745146326541677,3.8135378510378506,4.2923271564116625,4.2867518786123435,4.348106458571575,4.161937252562251,4.330273114419456,4.009237417910888,4.084556257582573,3.786247500063289,4.058634421134421,4.225376815025252,4.207677531395481,4.040919871954354,4.437072686408969,4.011570976722493,3.9963083213083217,4.506626984126984,4.29943783068783,3.9783935849725327,4.270232740349926,4.259406696363219,4.591533879831753,4.261628847343132,4.335347222222221,4.1556550692626635,4.28412370457825,4.226500224921277,4.134758075258075,4.206582155218518,4.049414194763033,4.1211886304909555,4.141079398637538,4.187658702193585,4.197486772486773,4.225401966681036,4.097556792905629,4.690604592167093,4.351921997755331,4.520449954709214,4.634607819881791,4.41556150639484,4.235237961626852,4.715404995774352,4.810365502553003,4.833349273465552,4.661410445712772,4.441392920804684,4.247767857142857,4.408016774891774,4.679999255594494,5.004212290976997,4.744689325349702,5.51107106568645,4.155157566447889,4.264239702949379,4.957545280390108,4.250063512387457,4.511567892201696,4.562866945261311,4.612864678357636,4.452954922357908,4.363169420563787,4.553231862034681,4.338246495567924,4.669469847100337,4.4582185926013596,4.636325947365716,4.378857996463631,4.637220291445643,4.3993005010862145,4.521497418856574,4.2502850435949036,4.429162347824319,4.401458205331445,4.48632857752576,4.564551176523008,4.717065398126004,4.8365744219049995,4.423094608213657,4.236765512265511,4.325646393679182,4.129687088510618
is,3.7189613459540998,3.7894369981869973,3.5968246930203454,3.960444018640741,3.999941480088538,3.479039923751462,3.271214163195295,2.7281476997578697,3.1741851216210186,3.0777918679081457,0.0,2.1422999020655267,4.150351149346686,4.158761899612416,4.407858913196108,4.1625197634552435,4.1495865245865255,4.133468581107131,4.048985338520224,4.1081970113220105,4.255383696338189,4.191752105839915,4.2770770694683735,4.112065507942673,4.3032258726406845,4.27902006619112,4.085572446412898,4.17850700557883,4.149511396462616,4.695779651847612,4.133270575227525,4.23033313896485,4.845057294347067,4.304760186903043,4.529211636577707,4.697729918229919,4.612025197025197,4.576218846165654,4.560204945928296,4.125037687180545,4.4967925777925775,4.329233906361565,4.352519299696719,4.387594569173515,4.373990592740592,4.419810333344814,4.427001726343831,4.681794324002118,4.277329125517531,4.274176822908707,4.274060614640328,4.136860281425502,4.019961678071227,4.151537114964225,4.142991665828408,4.373904748219817,4.662414592352092,4.50134814016393,4.548262028976314,4.604880207511787,4.5258126542936665,4.575198211611255,4.72876106936444,4.942136379880283,4.701752474871406,4.2008724642983895,4.467595045855916,4.419182268809134,5.1365756692287325,4.924043080207464,4.5886516081321265,5.184099883567966,4.239933943125433,4.2276754495504525,4.727932532583696,4.44789724747708,4.437790851438812,4.455744064192443,4.3497410835796195,4.4253894403087966,4.33808881028269,4.5588913747667785,4.334843354711456,4.43887930296994,4.413919498868477,4.60831799034001,4.503663881470006,4.475178574593339,4.2575573921028464,4.547253511794327,4.78461277951074,4.3818436523793665,4.570172159893204,4.344159695180103,4.336561355311356,4.647853601425029,4.643070851251965,4.972800643298383,5.017288337541503,4.87769868599159,5.0721302562851855
fo,3.6738268097643085,3.744193046536798,3.741583994708994,4.127227158806106,3.8554033929033937,3.6740450136283473,3.9914010232192045,2.6313650441699226,3.277817737817738,3.175157418339236,2.1422999020655267,0.0,4.252424086634613,4.27380513425968,4.449136656167906,4.341535227019097,4.358133568260152,4.316267321439735,4.196080418119893,4.027135191197691,4.3671455312364404,4.320140709984462,4.248701038544788,4.2416977277772725,4.536646173874435,4.417317620650953,4.2315195298528625,4.3518957053047975,4.4450847763347765,4.714206424362674,4.222110993581581,4.345652219353519,4.9613481756338915,4.332089296245922,4.320401108862648,5.010175935175935,4.888967198113539,4.563070313524858,4.692538696528058,4.251030913530913,4.628096086919619,4.42354163833037,4.533575415812258,4.690727605727605,4.522912801484231,4.553485677559752,4.506887436235261,4.882808605535877,4.617640345765348,4.555424870268621,4.511153603341102,4.46194046115921,4.37601228938545,4.3532783189033175,4.5916583994709,4.307793567543567,4.820744314165368,4.831616161616162,4.828446502057613,4.765439670069301,4.771718947718948,4.857665627196878,5.041435145823444,5.088680616074233,4.775140282171532,4.479583830803342,4.520152259356805,4.618862368862367,5.157361425909811,5.086816017316017,4.632734230055659,5.39947603678373,4.492385392385393,4.437939393939393,4.576949439449439,4.516937738187737,4.539422105672106,4.543013838013837,4.515666649526944,4.6017057017057015,4.483599271099271,4.610413105413105,4.511493261916989,4.4892286417286416,4.448446830946831,4.637129120879121,4.514424001924002,4.545725339475338,4.484268209268209,4.56428626928627,4.764836459836461,4.487395197395199,4.473534151034152,4.532143782143781,4.555035473785475,4.5254363414363405,4.857340607624699,5.005685921008502,5.093077837195485,4.991014779724457,5.235343434343435
lv,3.853424006549008,3.9067374511453443,3.9300366548134407,3.8450928457507407,4.133715342197485,4.131378066378066,3.4899178456870756,4.108033324699992,4.065905715905717,4.067790003206669,4.150351149346686,4.252424086634613,0.0,2.66066252485744,3.717920663311945,3.417347287486176,3.403477627024138,3.390702901749414,3.4079501088760344,3.818686029732541,3.657691966153504,3.8200662928341496,3.6724839032349537,3.8771035306412664,3.993210628470062,4.285470387100823,4.010359738300915,4.006860378183908,3.2214144829529445,4.466644367537224,4.005254967254968,3.8504141283553053,4.544955152722141,4.060638455747151,4.3309674122174115,4.51141364948183,4.235980210265924,4.16973544973545,4.304450372859465,3.9434363195726845,4.181785714285713,4.195259927488844,4.193969918969919,4.27749973691532,4.287443883277217,3.9833502356229618,4.099618383753,4.352027847436012,4.264181081815012,4.198415622076338,4.313240578865578,4.171547475342119,4.2286626939528755,4.280326072736789,4.176516241694813,4.233974086915263,4.287763762763763,4.340675230401259,4.221184281668152,4.43175607795861,4.436150015561781,4.5283382044542755,4.715495987147774,4.8800336568193705,4.638619998553034,4.158981739300888,4.502984052984052,4.204482323232324,4.8378486860513,4.760093452646643,4.3390550018457,4.944579689316532,3.8841576941576936,3.9583050483652906,4.028917347020796,4.484948517091373,4.443439893439893,4.428325570062265,4.395913588175493,4.461398855773854,4.415914310557169,4.55183322616796,4.425657085903766,4.528873683635588,4.347693444122015,4.4145844014891615,4.277571062094872,4.654248793534508,4.3107705786277215,4.125979531931913,4.479906425144521,4.240901074234408,4.212622189638319,4.478633976253025,4.337976508914884,4.633648231613347,4.659935075711775,4.631061917880099,4.71230960397627,4.541122740664024,4.769145634239973
lt,4.323414100218223,4.483890007699533,4.610638645432459,4.806600700886414,4.907947522122779,4.347910243877985,4.077650632196087,4.296366519283186,4.51524313166104,4.451185878797819,4.158761899612416,4.27380513425968,2.66066252485744,0.0,4.022363761667885,3.962127537933988,3.977258465866061,3.622040391857466,3.526179376179376,3.818494310567481,3.745552180246058,3.667557456861581,3.8186536544783958,3.9188834463027997,4.39202963401333,4.2827489309632165,4.186631578298245,4.321787502620836,4.220372323150101,4.753015589734338,3.904452099832536,4.205478455478456,4.916868264311447,4.513752543752545,4.6576640125747275,4.953720678720678,4.9653650169275165,4.691536290220501,4.596893557831057,3.892816198476577,3.902383305100697,4.455444594529102,4.473265370992644,4.717311278465123,4.381375274557093,4.215674347582241,4.471405488450943,4.871471306471307,4.535384832807514,4.477813910030406,4.328071584772615,4.275946190121445,4.212931827622546,4.213294122830205,4.361541150716409,4.267105523203084,4.929364319890635,4.745007946198422,4.663970221697495,4.53705583632054,5.20586383313656,4.607646334192726,4.764538933288933,4.8125501523939,4.864196842676224,4.5281018208233395,4.477183068254496,4.454331625164958,5.250944634815602,5.101227211941499,4.467641485498628,5.014451074718934,4.171877643429368,4.210196842731091,4.3998388049858645,4.532122070801316,4.448795544078563,4.262993373010022,4.2203157429572515,4.375387862137861,4.361016918092389,4.382445070652617,4.327164502164502,4.454823740201099,4.43410740203193,4.302878527934022,4.590812908265739,4.6055023592759445,4.454034953142096,4.577322187616304,5.1864981978189535,4.659978229317852,4.78157142003296,4.4833807701732225,4.327174633542559,4.661053529803531,4.88171945338612,5.242842423277207,5.53273515889795,5.347626954885018,5.3931523186957975
pl,4.265420141571037,4.335983807858808,4.395683369234093,4.323286731483453,4.644221789703465,4.270415268492192,4.231925726265348,4.227939762685525,4.285524968858302,4.350857561904072,4.407858913196108,4.449136656167906,3.717920663311945,4.022363761667885,0.0,2.0466060532390986,2.011503621948828,2.547940892808442,2.6931880084752846,3.232483257483258,1.8956289386713918,2.764516340752487,2.5769113357988034,4.380623878140819,4.213945244450423,4.209575986878619,4.156111827340879,4.32494597943493,4.19186951260122,4.727790312438373,4.038548225152724,4.176855189898669,4.905007051029778,4.403912244218365,4.356411049268193,4.662646501646503,4.538307752853208,4.2617059654293685,4.72032489507109,4.127795088509373,3.916492766492767,4.48696859159938,4.229852316142639,4.506236989336282,4.557048507048507,4.336172878845293,4.394128751365595,4.501547748788012,4.457654724502551,4.490784684987584,4.466682049834224,4.349026061163743,4.327153531272524,4.358358495645368,4.4244852543339315,4.430771739675849,4.64162710532931,4.472466945822208,4.479213220641793,4.62711087993043,4.828977948914657,4.799932307359843,4.866584219157746,4.960768689305275,4.723578290086711,4.477519128676535,4.404444991401513,4.524468649095515,5.174552969706031,4.7454776197926885,4.343191656828023,5.228343597891471,4.449849146125741,4.214710432541315,4.66266585291893,4.645746203909469,4.586314365906203,4.512890015313481,4.302754327364961,4.394412430617863,4.464951375155458,4.531872650825232,4.358305797867655,4.5593609159667166,4.601797203230274,4.599334395762967,4.488947928488744,4.669947541121012,4.358317440135623,4.497157169561131,4.8590789879055185,4.644950797501818,4.404674985689397,4.610290050085969,4.407757101473534,4.745380337727273,4.7890913317383905,4.969727693958463,4.957289440517288,4.919017973721584,4.919708421468985
cs,4.097406970574512,4.126063191194769,4.210097319783188,4.038669432419432,4.419688819034369,4.108605230239845,3.9861202738561223,4.243223349155552,4.148935307563626,4.172683526951821,4.1625197634552435,4.341535227019097,3.417347287486176,3.962127537933988,2.0466060532390986,0.0,1.0577366979655716,2.1418080707510234,2.543294470080186,3.0161859184586466,1.988633477633477,2.454561439228054,2.308851786665924,4.130385859458893,4.066774937516695,4.030109616410986,3.929430490144774,4.023179763358334,4.131278409936947,4.476455854087431,3.9508208014864805,4.06162545888823,4.757961482961484,4.2565628620206075,4.282472477017932,4.660162137245471,4.332637218748328,4.239013583035323,4.492575697276757,3.979927068337087,3.9511279435936983,4.369971208839825,4.061596595494901,4.34217796092796,4.39598830874341,4.128584187700053,4.027482278523944,4.235139677573889,4.250380146322557,4.214650140435479,4.281124576412532,4.13429964450907,4.099108977119445,4.1588312792501245,4.1849847027010565,4.251161580054123,4.362862665715929,4.337198037198037,4.331579720674071,4.543607119376349,4.7097191327191315,4.6297023695429935,4.653192249535336,4.780509201867746,4.520939323834063,4.343873451110294,4.11687081034907,4.256932043650794,4.900219591153657,4.50973359202526,4.100596033596035,5.0358652150318814,4.374107275703019,4.086243146166809,4.590286715868112,4.4072835873617136,4.282282994782995,4.381718223905723,4.2475086393260755,4.252636832032438,4.343632712773339,4.410959107443481,4.207591589696855,4.396891279336132,4.400860971816853,4.436749936474201,4.346506416037667,4.519621047355424,4.207941441274775,4.235919635919637,4.594917553511304,4.397292117604617,4.2983820857505055,4.57795826858327,4.226094044844047,4.521214444985451,4.580592679284542,4.743657784818005,4.767774489926389,4.680774435815872,4.779966356022695
sk,4.117878240480981,4.379901097720245,4.262795765877956,4.3191678691678685,4.537332720551897,4.17493228993229,3.9789197197360466,4.174706794387646,4.065152537520958,4.2245328104238995,4.1495865245865255,4.358133568260152,3.403477627024138,3.977258465866061,2.011503621948828,1.0577366979655716,0.0,2.01160298599323,2.5279859822716952,2.4127311686135218,2.039216133660578,2.575809654576778,2.357151913915612,4.134441509281664,4.166076978576976,4.0567434769815724,4.0765378105603665,4.129694989354081,3.9573842823842824,4.503632269556929,4.007555029145936,4.030948152376723,4.849161334848357,4.22151067323481,4.450463203463203,4.654296661193213,4.464020256473087,4.149666181396951,4.476156904848588,4.019811207311207,3.9935825459262957,4.354350893135939,4.071295314662661,4.36762658876061,4.367131633798301,4.182782769814855,4.1478435585578435,4.309469338904822,4.259812523853618,4.201935507414959,4.269367580668954,4.1188660844482765,4.0776530166941125,4.132226525377212,4.158754202418584,4.243607573353563,4.403686552375361,4.350178454024607,4.345321345321346,4.553586983862214,4.704893170802262,4.7096953666353345,4.714542392473428,4.923565323565326,4.546235271577737,4.446128684574063,4.193920845236633,4.397431041181042,4.8712027213787765,4.479220605783106,4.2951442141583,5.068301177142642,4.397937422937423,4.241364243233401,4.568088477179386,4.490000517315332,4.403978703052776,4.308834287837556,4.340650175396764,4.329351096234214,4.4184734332882485,4.499147543129023,4.225742556055055,4.4382739204634625,4.547244672135739,4.448453200958648,4.404899524343968,4.632251938733421,4.2318867893336,4.333914576507169,4.624143106550513,4.396081833118869,4.382590256965257,4.5640078028966915,4.363644353264237,4.629453975975714,4.584581768313386,4.692457286606225,4.82861448587255,4.835368118878757,4.888623986243033
sl,3.989945962793645,4.042424719844074,4.024750617300286,3.9055772005772007,4.412868753762794,4.004305445121773,3.813372615039282,4.278956845623512,3.9724867724867714,3.946796148296148,4.133468581107131,4.316267321439735,3.390702901749414,3.622040391857466,2.547940892808442,2.1418080707510234,2.01160298599323,0.0,1.9655942767549912,2.426364725421329,2.5338210480451853,2.692222637986174,2.441861886544394,3.8691762602476873,4.033935470659608,4.021046944508481,3.9822696669527637,3.9360576185044276,3.790632174842701,4.278631239131237,3.7850448673058983,3.8286073600728785,4.676892393320965,4.12121253063876,4.184352629940865,4.548845175540091,4.438960317460317,3.9361032130262914,4.378878324466561,3.8793791120495658,4.011169549404844,4.34389554889555,4.197580143168378,4.336160367410367,4.214737910668143,4.130928100724482,4.02909571909572,4.178702963702963,4.1018660331574255,4.109779587594159,4.170471268981203,4.115103880666794,4.078402631217203,4.134037963508161,4.115256083136879,4.263236149160519,4.31161751136241,4.422735597735596,4.3128666230410415,4.426676647189469,4.727520010853345,4.67225993285596,4.638617239342664,4.649302273043885,4.53389577677657,4.180726753561398,4.213724481347432,4.260464329908775,4.698765143035974,4.481866831085582,4.27228421031238,5.054819773722214,4.098638930513931,3.956807646630655,4.406727796013511,4.4811925202169105,4.322847883823496,4.389362568325982,4.2787095962802,4.32295179567907,4.374562970904435,4.391921408537262,4.223907745204041,4.333606011197473,4.414567055573152,4.554653273555713,4.291148417977686,4.553950216450217,4.3278449092278874,4.336611153074568,4.467576901418365,4.430787234445769,4.1992519483260216,4.568216573399503,4.23765910579935,4.562935698952648,4.547699683569246,4.625578073829823,4.659136974136973,4.5692209693957935,4.644865319865319
bg,3.9553491943026837,4.041438606093778,3.9505175487733615,3.908583505866114,4.3488750052703535,4.148697779185584,3.7121470920383963,4.05496459096459,4.004927178764387,3.8745146326541677,4.048985338520224,4.196080418119893,3.4079501088760344,3.526179376179376,2.6931880084752846,2.543294470080186,2.5279859822716952,1.9655942767549912,0.0,1.4849670706072087,2.63703852406384,2.789037824793639,2.523667407097639,3.768498394108149,3.918702892089988,3.9526630936113696,3.8889321326821307,3.8609039500988653,3.703414396061455,4.208989556450494,3.5506147556147565,3.747442002442002,4.532213478611785,4.060067576654114,4.141531577169875,4.402925546675546,4.4813307679974335,3.847694162762655,4.193548465423464,3.738630963630963,3.8801665196402033,4.125045645964012,4.061552401087285,4.255458527260853,4.15252776324205,3.998791802257149,4.026138940424654,4.122561191429116,4.1394046306837025,4.160179290993246,4.274931442373302,4.029416018950903,3.977802774314403,4.022870712405596,4.135273684110895,4.319797445740842,4.270283969502721,4.34270320395409,4.319857602714748,4.467232327628365,4.5001002598224815,4.498625480892924,4.527298711679458,4.484963408986845,4.43661207440277,4.141132166132166,4.323041125541125,4.036786053452722,4.76756392129376,4.557133709911488,4.111186313686314,4.955030006757948,3.9717983195255924,3.9392795929560624,4.316762269988077,4.22278038116854,4.341055399279083,4.356542419139167,4.196612286605362,4.1447136197136185,4.137718385415752,4.202921370719152,4.055906204906204,4.280851020324704,4.258767402188456,4.421894274670978,4.22880164426217,4.344292695608485,4.167606065432152,4.242329180322602,4.5062998405103665,4.17398526181421,4.253093257619574,4.32837515189489,4.00974786918041,4.306995945231239,4.621957644521203,4.595678752568514,4.813987784246404,4.526346728512081,4.679235084838534
mk,4.2354851552768205,4.34172163815021,4.195399931858265,4.433789682539682,4.483189611314611,4.57092151675485,3.841143578643578,3.738630480630481,3.7645104316979325,3.8135378510378506,4.1081970113220105,4.027135191197691,3.818686029732541,3.818494310567481,3.232483257483258,3.0161859184586466,2.4127311686135218,2.426364725421329,1.4849670706072087,0.0,3.1305788487606674,3.2264020701520697,3.0660283196741527,4.0786825968644145,4.083868789940219,4.284602286602287,4.057079248876124,3.975332914948299,3.6698092031425364,4.200708049666384,3.7371072937479184,3.826539317164318,4.727314439033188,4.207971248836634,4.287279541446207,4.414475801975802,4.815806878306878,3.908628758628759,4.310945876019405,3.9832797457797455,3.767491048046604,4.125009627560649,4.2482343274009935,4.059071422404756,3.7344990079365084,3.9136047979797977,3.8700156325156336,3.9265415140415145,4.190316415837248,4.0212522045855374,4.0275327681577675,3.8274433514016843,3.8587869306619313,3.92335469314636,4.132954429829429,4.463634924746035,4.237925473219592,4.150240632383491,4.18380033708981,4.243974506219404,4.442430254930255,4.468993564306062,4.609695938981654,4.470603067567355,4.405844155844156,4.130452061599604,4.426700036075036,4.047196836085725,4.880590936840936,4.670532708032709,4.382644042465471,4.902617488331775,4.067137111254759,3.947030592863925,4.064083139083139,4.313817740901074,4.228185163601831,4.210906531739865,4.076668624585291,4.160494555949103,4.19865520282187,4.37203305953306,4.068230920314255,4.5489092175979415,4.428459426376094,4.5626186699103375,4.140469407136074,4.447766508183175,4.026593429718431,4.199368895447326,4.512957875457875,4.354057439474106,4.216771284271284,4.247873577040243,4.2514036889036895,4.29472576035076,4.303295713838701,4.702272300349223,4.824429563492063,4.656669946968455,4.577305665349144
be,4.291357316995497,4.470436242678889,4.322990164971298,4.166112012987014,4.719982146660837,4.3243795093795105,4.236524108075832,4.195013705430373,4.145060897883479,4.2923271564116625,4.255383696338189,4.3671455312364404,3.657691966153504,3.745552180246058,1.8956289386713918,1.988633477633477,2.039216133660578,2.5338210480451853,2.63703852406384,3.1305788487606674,0.0,1.9524587687254176,1.559552853115561,4.134678515928516,4.101708055833055,4.424938949938951,3.9307161338089185,4.132198477850651,4.27249740999741,4.726807495439572,3.874749718366737,4.0965386349761355,4.932090899644092,4.581482203433423,4.509839466089466,4.6543212574462585,4.599963924963925,4.207318988201341,4.678936741677125,3.9650224031920467,3.8657156945618496,4.462979316979316,4.168347981984347,4.195635204572652,4.369350859868101,4.256708659306062,4.252832036384668,4.337116702741704,4.126271370139295,4.295575441330159,4.2536389972710715,4.085230518956935,3.995584551716626,3.983679056792265,4.30360527836943,4.28136883949384,4.34181770610342,4.316803767890725,4.425425006028453,4.571783038162348,4.681817380150714,4.684718242972961,4.635222193948611,4.7777541117163755,4.601438734221753,4.278090499244345,4.454056031687611,4.141097118369845,5.047268454815626,4.522743922743923,4.132469424514879,4.993642030484134,4.408041148666148,4.0223210123210125,4.289920264920265,4.340861868827971,4.163280081500422,4.207603413535616,4.0901035479536825,4.185902564458714,4.077518079848589,4.337802357717612,4.02225250802837,4.280485314508247,4.422618436177758,4.268277837981227,4.253732990173667,4.354652644906881,4.037795152378486,4.24381329593194,4.716977890282975,4.443098474030678,4.319669885061209,4.552261909465299,4.041799443494358,4.409505624669872,4.566259964683254,4.876973714116572,5.061019265287557,4.838792063056769,4.881510759771628
